+-----------------------------------------------------------------------------------------------------------------------------------------------------------------------------------------------------------------------------------------------------+
; Legal Partition Candidates                                                                                                                                                                                                                          ;
+------------------------------------------------+-------+----------------+--------------+----------------+--------+-----------------+---------------+-----------------+-------+----------------+--------------+------------------+-------------------+
; Hierarchy                                      ; Input ; Constant Input ; Unused Input ; Floating Input ; Output ; Constant Output ; Unused Output ; Floating Output ; Bidir ; Constant Bidir ; Unused Bidir ; Input only Bidir ; Output only Bidir ;
+------------------------------------------------+-------+----------------+--------------+----------------+--------+-----------------+---------------+-----------------+-------+----------------+--------------+------------------+-------------------+
; addressDecoder_inst                            ; 106   ; 0              ; 1            ; 0              ; 39     ; 0               ; 0             ; 0               ; 0     ; 0              ; 0            ; 0                ; 0                 ;
; ram_inst                                       ; 70    ; 2              ; 23           ; 2              ; 33     ; 2               ; 2             ; 2               ; 0     ; 0              ; 0            ; 0                ; 0                 ;
; memoryMapping_inst|hardwareTimer2_inst         ; 79    ; 100            ; 0            ; 100            ; 33     ; 100             ; 100           ; 100             ; 0     ; 0              ; 0            ; 0                ; 0                 ;
; memoryMapping_inst|hardwareTimer1_inst         ; 79    ; 100            ; 0            ; 100            ; 33     ; 100             ; 100           ; 100             ; 0     ; 0              ; 0            ; 0                ; 0                 ;
; memoryMapping_inst|hardwareTimer0_inst         ; 79    ; 100            ; 0            ; 100            ; 33     ; 100             ; 100           ; 100             ; 0     ; 0              ; 0            ; 0                ; 0                 ;
; memoryMapping_inst|serialInterface_inst        ; 1067  ; 0              ; 0            ; 0              ; 19     ; 0               ; 0             ; 0               ; 0     ; 0              ; 0            ; 0                ; 0                 ;
; memoryMapping_inst|clockController_inst        ; 38    ; 0              ; 1            ; 0              ; 1      ; 0               ; 0             ; 0               ; 0     ; 0              ; 0            ; 0                ; 0                 ;
; memoryMapping_inst|IO_SevenSegmentDisplay_inst ; 67    ; 6              ; 28           ; 6              ; 48     ; 6               ; 6             ; 6               ; 0     ; 0              ; 0            ; 0                ; 0                 ;
; memoryMapping_inst                             ; 943   ; 5              ; 0            ; 5              ; 443    ; 5               ; 5             ; 5               ; 0     ; 0              ; 0            ; 0                ; 0                 ;
; CPU_Core_inst|CU                               ; 106   ; 10             ; 54           ; 10             ; 134    ; 10              ; 10            ; 10              ; 0     ; 0              ; 0            ; 0                ; 0                 ;
; CPU_Core_inst|interruptController_inst         ; 360   ; 0              ; 0            ; 0              ; 32     ; 0               ; 0             ; 0               ; 0     ; 0              ; 0            ; 0                ; 0                 ;
; CPU_Core_inst|busManagement_inst               ; 633   ; 0              ; 0            ; 0              ; 133    ; 0               ; 0             ; 0               ; 0     ; 0              ; 0            ; 0                ; 0                 ;
; CPU_Core_inst|RegisterFile_inst                ; 52    ; 0              ; 0            ; 0              ; 512    ; 0               ; 0             ; 0               ; 0     ; 0              ; 0            ; 0                ; 0                 ;
; CPU_Core_inst|ALU_inst                         ; 81    ; 0              ; 1            ; 0              ; 104    ; 0               ; 0             ; 0               ; 0     ; 0              ; 0            ; 0                ; 0                 ;
; CPU_Core_inst                                  ; 398   ; 13             ; 0            ; 13             ; 945    ; 13              ; 13            ; 13              ; 0     ; 0              ; 0            ; 0                ; 0                 ;
; ClockGenerator|altpll_component|auto_generated ; 3     ; 0              ; 0            ; 0              ; 6      ; 0               ; 0             ; 0               ; 0     ; 0              ; 0            ; 0                ; 0                 ;
; ClockGenerator                                 ; 2     ; 0              ; 0            ; 0              ; 2      ; 0               ; 0             ; 0               ; 0     ; 0              ; 0            ; 0                ; 0                 ;
+------------------------------------------------+-------+----------------+--------------+----------------+--------+-----------------+---------------+-----------------+-------+----------------+--------------+------------------+-------------------+
